| Iter | Input MTOW (kg) | Wing Mass (kg) | Fuse Mass (kg) | Tail Mass (kg) | Struct Mass (kg) | Motor Mass (kg) | Prop Mass (kg) | ESC Mass (kg) | Prop Mass (kg) | Batt Mass (kg) | Avionics Mass (kg) | Payload Mass (kg) | Raw MTOW (kg) | Relaxed MTOW (kg) | Rel Delta (%) |
|---|---|---|---|---|---|---|---|---|---|---|---|---|---|---|---|
| 1 | 5.0000 | 1.0396 | 1.9994 | 0.1216 | 3.1610 | 0.1400 | 0.0650 | 0.0000 | 0.2050 | 2.4000 | 0.2600 | 2.0000 | 8.0260 | 7.2695 | 45.3900% |
| 2 | 7.2695 | 1.5114 | 2.4111 | 0.1769 | 4.0990 | 0.2100 | 0.0650 | 0.0000 | 0.2750 | 3.4890 | 0.2600 | 2.0000 | 10.1230 | 9.4096 | 29.4394% |
| 3 | 9.4096 | 1.9564 | 2.7419 | 0.2290 | 4.9270 | 0.3100 | 0.0650 | 0.0000 | 0.3750 | 4.5170 | 0.2600 | 2.0000 | 12.0790 | 11.4116 | 21.2761% |
| 4 | 11.4116 | 2.3724 | 3.0200 | 0.2776 | 5.6700 | 0.3100 | 0.0650 | 0.0000 | 0.3750 | 5.4780 | 0.2600 | 2.0000 | 13.7830 | 13.1901 | 15.5850% |
| 5 | 13.1901 | 2.7423 | 3.2468 | 0.3210 | 6.3100 | 0.6200 | 0.0650 | 0.0000 | 0.6850 | 6.3310 | 0.2600 | 2.0000 | 15.5860 | 14.9870 | 13.6231% |
| 6 | 14.9870 | 3.1158 | 3.4614 | 0.3647 | 6.9420 | 0.6200 | 0.0650 | 0.0000 | 0.6850 | 7.1940 | 0.2600 | 2.0000 | 17.0810 | 16.5575 | 10.4791% |
| 7 | 16.5575 | 3.4423 | 3.6383 | 0.4030 | 7.4840 | 0.6200 | 0.0650 | 0.0000 | 0.6850 | 7.9480 | 0.2600 | 2.0000 | 18.3770 | 17.9221 | 8.2416% |
| 8 | 17.9221 | 3.7262 | 3.7854 | 0.4360 | 7.9480 | 0.6200 | 0.0650 | 0.0000 | 0.6850 | 8.6030 | 0.2600 | 2.0000 | 19.4960 | 19.1025 | 6.5863% |
| 9 | 19.1025 | 3.9715 | 3.9069 | 0.4646 | 8.3430 | 0.6200 | 0.0650 | 0.0000 | 0.6850 | 9.1690 | 0.2600 | 2.0000 | 20.4570 | 20.1184 | 5.3182% |
| 10 | 20.1184 | 4.1829 | 4.0095 | 0.4897 | 8.6820 | 0.6200 | 0.0650 | 0.0000 | 0.6850 | 9.6570 | 0.2600 | 2.0000 | 21.2840 | 20.9926 | 4.3453% |
| 11 | 20.9926 | 4.3646 | 4.0959 | 0.5109 | 8.9710 | 0.6200 | 0.0650 | 0.0000 | 0.6850 | 10.0760 | 0.2600 | 2.0000 | 21.9920 | 21.7421 | 3.5703% |
| 12 | 21.7421 | 4.5203 | 4.1688 | 0.5291 | 9.2180 | 0.6200 | 0.0650 | 0.0000 | 0.6850 | 10.4360 | 0.2600 | 2.0000 | 22.5990 | 22.3848 | 2.9560% |
| 13 | 22.3848 | 4.6539 | 4.2296 | 0.5448 | 9.4280 | 0.6200 | 0.0650 | 0.0000 | 0.6850 | 10.7450 | 0.2600 | 2.0000 | 23.1180 | 22.9347 | 2.4566% |
| 14 | 22.9347 | 4.7684 | 4.2809 | 0.5581 | 9.6070 | 0.6200 | 0.0650 | 0.0000 | 0.6850 | 11.0090 | 0.2600 | 2.0000 | 23.5610 | 23.4044 | 2.0480% |
| 15 | 23.4044 | 4.8661 | 4.3254 | 0.5696 | 9.7610 | 0.6200 | 0.0650 | 0.0000 | 0.6850 | 11.2340 | 0.2600 | 2.0000 | 23.9400 | 23.8061 | 1.7163% |
| 16 | 23.8061 | 4.9496 | 4.3619 | 0.5793 | 9.8910 | 0.6200 | 0.0650 | 0.0000 | 0.6850 | 11.4270 | 0.2600 | 2.0000 | 24.2630 | 24.1488 | 1.4395% |
| 17 | 24.1488 | 5.0207 | 4.3929 | 0.5878 | 10.0010 | 0.6200 | 0.0650 | 0.0000 | 0.6850 | 11.5910 | 0.2600 | 2.0000 | 24.5370 | 24.4399 | 1.2054% |
| 18 | 24.4399 | 5.0812 | 4.4199 | 0.5949 | 10.0960 | 0.6200 | 0.0650 | 0.0000 | 0.6850 | 11.7310 | 0.2600 | 2.0000 | 24.7720 | 24.6890 | 1.0192% |
| 19 | 24.6890 | 5.1330 | 4.4428 | 0.6008 | 10.1770 | 0.6200 | 0.0650 | 0.0000 | 0.6850 | 11.8510 | 0.2600 | 2.0000 | 24.9730 | 24.9020 | 0.8627% |

--- WING SIZING TABLE ---
| Iter | MTOW (kg) | Wing Loading (kg/m) | Target Stall (km/h) | CLmax | Air Density (kg/m) | Wing Area (m) | Aspect Ratio | Span (m) | Root Chord (m) | Tip Chord (m) | MAC (m) |
|---|---|---|---|---|---|---|---|---|---|---|---|
| 1 | 5.0000 | 13.4674 | 45.0 | 1.4 | 1.2075 | 0.3713 | 10.50 | 1.9744 | 0.2507 | 0.1254 | 0.1950 |
| 2 | 7.2695 | 13.4674 | 45.0 | 1.4 | 1.2075 | 0.5398 | 10.50 | 2.3807 | 0.3023 | 0.1512 | 0.2351 |
| 3 | 9.4096 | 13.4674 | 45.0 | 1.4 | 1.2075 | 0.6987 | 10.50 | 2.7086 | 0.3439 | 0.1720 | 0.2675 |
| 4 | 11.4116 | 13.4674 | 45.0 | 1.4 | 1.2075 | 0.8473 | 10.50 | 2.9828 | 0.3788 | 0.1894 | 0.2946 |
| 5 | 13.1901 | 13.4674 | 45.0 | 1.4 | 1.2075 | 0.9794 | 10.50 | 3.2068 | 0.4072 | 0.2036 | 0.3167 |
| 6 | 14.9870 | 13.4674 | 45.0 | 1.4 | 1.2075 | 1.1128 | 10.50 | 3.4183 | 0.4341 | 0.2170 | 0.3376 |
| 7 | 16.5575 | 13.4674 | 45.0 | 1.4 | 1.2075 | 1.2294 | 10.50 | 3.5929 | 0.4562 | 0.2281 | 0.3549 |
| 8 | 17.9221 | 13.4674 | 45.0 | 1.4 | 1.2075 | 1.3308 | 10.50 | 3.7381 | 0.4747 | 0.2373 | 0.3692 |
| 9 | 19.1025 | 13.4674 | 45.0 | 1.4 | 1.2075 | 1.4184 | 10.50 | 3.8592 | 0.4901 | 0.2450 | 0.3812 |
| 10 | 20.1184 | 13.4674 | 45.0 | 1.4 | 1.2075 | 1.4939 | 10.50 | 3.9605 | 0.5029 | 0.2515 | 0.3912 |
| 11 | 20.9926 | 13.4674 | 45.0 | 1.4 | 1.2075 | 1.5588 | 10.50 | 4.0456 | 0.5137 | 0.2569 | 0.3996 |
| 12 | 21.7421 | 13.4674 | 45.0 | 1.4 | 1.2075 | 1.6144 | 10.50 | 4.1172 | 0.5228 | 0.2614 | 0.4066 |
| 13 | 22.3848 | 13.4674 | 45.0 | 1.4 | 1.2075 | 1.6621 | 10.50 | 4.1776 | 0.5305 | 0.2652 | 0.4126 |
| 14 | 22.9347 | 13.4674 | 45.0 | 1.4 | 1.2075 | 1.7030 | 10.50 | 4.2286 | 0.5370 | 0.2685 | 0.4176 |
| 15 | 23.4044 | 13.4674 | 45.0 | 1.4 | 1.2075 | 1.7379 | 10.50 | 4.2717 | 0.5424 | 0.2712 | 0.4219 |
| 16 | 23.8061 | 13.4674 | 45.0 | 1.4 | 1.2075 | 1.7677 | 10.50 | 4.3082 | 0.5471 | 0.2735 | 0.4255 |
| 17 | 24.1488 | 13.4674 | 45.0 | 1.4 | 1.2075 | 1.7931 | 10.50 | 4.3391 | 0.5510 | 0.2755 | 0.4286 |
| 18 | 24.4399 | 13.4674 | 45.0 | 1.4 | 1.2075 | 1.8147 | 10.50 | 4.3652 | 0.5543 | 0.2772 | 0.4311 |
| 19 | 24.6890 | 13.4674 | 45.0 | 1.4 | 1.2075 | 1.8332 | 10.50 | 4.3874 | 0.5571 | 0.2786 | 0.4333 |
